17031614719
18473894104
15584186844
17157249962
17093508644
15643645464
13262494559
17083871425
13719143608
17075303862
18473881774
13105871146
15567021374
17086162379
15800090684
13233075742
18474740284
13175746924
18390574294
17071904917
18473813554
17097465542
17163234950
13059827426
18473806094
13175719004
17190944682
15277546914
15643156634
17068131392
15543572724
13471558213
13095816043
17056182977
13875472104
13115804025
17075307780
17197337448
15535745454
13216583248
18473482678
13059849532
17079324733
17056165250
15543731534
17072640079
18208005416
13875492094
13094751364
15813362114
13638989641
15567070354
13467768741
15568953064
15626138322
15115144058
13095810402
15643063814
18473882774
13638908144
17191535318
15183813849
17055783712
13875476044
17057688112
17097472581
13059847258
17174614036
15676945467
13184404231
15543779424
13875459974
18273834114
15873887964
15726714676
17080857834
13419010354
17076150586
13216571349
15643062514
13618906384
17160731628
18474666145
13469127939
15360054876
13458647239
13146913865
15543750614
17198938817
13438169697
18216476141
15604461724
13547047416
13022647750
15080810734
15643642394
15604463084
18428087751
17055785753
15273832744
18216478746
13875765144
18473846724
17057684732
13116804815
15643649384
13132883401
18474736838
18390504374
17170928735
15873847814
13789393743
18474735900
17180813542
